241 185
678 581 71 991 724 550 170 774 664 711 505 833 757 169 973 11 775 145 970 623 338 214 43 234 675 917 496 995 787 59 916 617 114 20 410 136 679 428 306 45 122 507 819 575 260 241 925 915 508 655 857 192 408 399 783 749 138 312 470 19 505 432 626 623 139 975 729 107 857 422 776 330 105 893 793 553 386 636 909 598 933 947 388 30 627 7 368 44 542 438 705 941 956 167 738 611 821 963 765 227 303 447 223 480 332 801 164 722 430 813 516 727 480 894 530 183 388 445 273 790 2 755 191 814 472 9 69 353 561 240 562 269 755 140 158 481 997 805 995 561 189 669 637 297 922 747 232 35 60 965 506 31 267 785 683 475 518 609 538 195 850 569 488 673 393 100 669 356 77 664 267 722 797 532 889 595 112 847 129 104 251 748 453 666 843 356 78 290 959 21 279 792 54 403 843 537 265 785 534 561 628 124 774 568 508 670 970 401 497 148 3 447 55 307 816 690 113 129 680 759 37 898 164 272 586 779 987 107 623 943 584 487 254 602 954 389 506 610 88 989 482
query(28,178)
shift(20,105)
shift(2,42,49,59,86,100,113,128,133,149,154,162,174,175,192,221,230,233)
query(46,161)
shift(213)
query(60,174)
query(167,171)
query(73,164)
query(173,192)
query(182,215)
shift(10,83,103,151,177,179,192)
query(196,232)
query(147,173)
shift(20,25,59,64,70,80,98,107,120,140,160,179,188,198,200,208,218,222)
shift(19,31,37,73,95,108,111,137,138,145,198,222)
query(130,230)
query(8,15)
shift(7,15,24,86,94,101,114,123,133,152,157,158,165,174,220,229)
shift(73,96)
query(80,175)
query(50,116)
shift(9,18,32,100,111,122,148,169,204,205,214,215)
query(111,163)
query(155,183)
shift(94)
shift(2,53,107,191)
query(37,67)
query(11,67)
query(54,153)
query(133,179)
query(167,232)
shift(31,69,77,89,112,188,230)
shift(20,23,235)
shift(63,69,138,161,192,196,203)
query(64,96)
query(107,229)
shift(21,40,44,79,94,103,104,131,133,174,183,186,189,205,226,231)
query(53,75)
shift(2,87)
shift(1,29,57,69,71,81,94,104,122,150,161,213,216,217,227,236)
shift(54,95,113,117,203,206)
shift(11,14,51,64,81,102,121,194,210,225,226)
shift(19,27,38,53,64,72,82,106,112,113,135,157,165,175,180,187,210,215)
shift(32,63,97,104,126,197,211,225,227,235)
query(67,143)
query(79,209)
query(109,191)
shift(5,10,20,85,99,111,113,130,141,143,147,157,161,179,183,195,211)
shift(22,110,111,134,147,163,194,216)
query(188,215)
query(167,189)
shift(20)
query(15,119)
shift(21,25,54,84,107,171,183,200,207,218,231)
shift(27,33,96,117,125,138,145,166,179,183,201,206,212,231)
query(19,44)
query(120,132)
query(64,82)
shift(3,29,45,47,71,79,88,130,142,163,170,178,225,234)
query(124,235)
shift(18,71,90,96,97,103,106,110,124,143,165,213)
shift(7,17,30,32,70,96,101,215,230)
query(121,162)
shift(4,32,36,105,112,123,125,128,165,195,229)
query(47,214)
query(167,212)
query(35,168)
shift(20,29,38,59,63,69,84,89,90,125,129,149,193,205,207,224)
query(142,208)
shift(4,9,11,25,29,43,48,60,94,103,106,128,139,153,190,200,207)
shift(130)
query(178,178)
query(55,99)
query(153,185)
shift(70,124,172,191)
shift(159,211)
query(164,236)
query(69,194)
query(58,127)
query(27,72)
shift(22,39,41,43,51,52,55,62,73,76,127,134,136,155,158,163,164,176,231,234)
query(113,193)
query(10,150)
query(4,68)
shift(39,59,80,85,97,129,171,191,219)
query(2,8)
shift(29,50,51,52,54,56,96,99,138,151,186,208,226,232)
query(66,114)
shift(42,64,85,88,92,97,102,132,135,142,152,155,157,162,168,181,213,217)
query(1,47)
shift(11,26,60,90,91,116,184,228)
shift(41,47,50,66,71,78,80,91,111,120,141,157,173)
shift(140,180,202,229)
query(96,108)
shift(6,19,39,44,55,84,110,163,165,173,182,189,236)
shift(25,27,33,36,52,69,83,92,131,135,137,153,162)
query(52,59)
query(126,128)
shift(2,4,14,22,56,91,107,113,118,127,155,161,200,228)
query(56,211)
query(3,134)
query(96,186)
query(34,38)
shift(8,10,12,14,44,45,51,53,57,81,83,90,103,156,169,185,196,224)
query(74,123)
query(2,145)
shift(20,24,32,80,118,131,181,215)
query(52,194)
query(87,117)
query(121,139)
shift(86,184,190,212)
query(66,182)
shift(9,11,47,48,58,93,102,119,151,179,230)
shift(13,15,17,27,50,100,111,115,123,145,149,165,166,174,221,227)
query(71,92)
query(16,37)
shift(4,10,34,47,77,82,88,91,111,114,141,170,181,213,217)
shift(20,36,46,58,66,82,84,87,93,102,121,128,129,137,138,176,177,202,219,234)
query(59,111)
query(153,181)
shift(43,65,100,102,107,114,125,126,136,148,151,165,193,196,222,233)
shift(55,71,83,100,113,115,160,162,213,218)
query(179,210)
query(29,153)
query(15,58)
shift(29,56,105,116,129,135,137,140,181,187,204,220)
query(52,184)
query(120,174)
query(133,188)
shift(8,21,53,57,66,72,86,113,133,148,159,162,170,182,188,209)
query(12,109)
query(187,202)
shift(24,40,78,108,142,144,156,168,178)
query(157,200)
shift(109,169,187,209)
shift(42,44,55,63,92,93,119,128,171,185,204,229)
query(65,165)
query(37,225)
query(72,179)
shift(61,163)
shift(24,98,111,191)
shift(8,17,49,63,116,124,139,141,146,167,176,185,203)
query(47,148)
query(140,158)
query(19,42)
shift(44,57,88,89,90,132,144,155,159,165,187,206,212,220,232)
shift(42,55,69,108,130,141,188,196,230,233)
query(64,75)
shift(98,153,159,191)
query(32,63)
query(5,68)
shift(26,50,58,66,105,106,134,186,193)
query(187,203)
shift(42,73,78,100,107,116,162,165,184,187,193)
shift(18,23,26,32,39,51,70,87,122,162,166,171,185,189,201,204,218,223)
query(110,212)
shift(3,4,21,25,47,57,68,73,78,124,126,127,143,148,166,172,175,192,218,220)
query(37,218)
query(69,205)
query(108,149)
query(93,205)
query(166,203)
query(45,89)
shift(79,233)
query(55,165)
shift(19,88,96,103,109,135,183,208)
query(144,221)
query(26,233)
query(9,60)
shift(10,12,16,25,33,44,48,55,83,87,102,104,105,145,155,163,180,191,226)
query(4,34)
shift(2,7,16,22,23,82,92,94,98,102,109,110,137,152,174,181,220,227,229,233)
query(128,203)
query(7,185)
query(138,195)
shift(52,67,168,188)
query(22,224)
shift(26,50,68,87,127,151)
shift(43,96,115,159,160,220,226,230)
query(15,53)
shift(8,29,61,64,67,73,82,94,116,129,140,146,147,155,161,183,199,234)
query(147,220)
shift(66,88,151,173,187)
shift(24,29,39,49,57,85,106,130,143,211,229)
query(112,149)
